14514284786278117030
4620546740167642908
13109570281517897720
17462938647148434322
355488278567739596
7469126240319926998
4635995468481642529
418970542659199878
9604170989252516556
6358044926049913402
5058016125798318033
10349215569089701407
2583272014892537200
10032373690199166667
9627645531742285868
15810285301089087632
9219209713614924562
7736011505917826031
13729552270962724157
4596340717661012313
4413874586873285858
5904155143473820934
16795776195466785825
3040631852046752166
4529279813148173111
3658352497551999605
13205889818278417278
17853215078830450730
14193508720503142180
1488787817663097441
8484116316263611556
4745643133208116498
14333959900198994173
10770733876927207790
17529942701849009476
8081518017574486547
5945178879512507902
9821139136195250096
4728986788662773602
840062144447779464
9315169977352719788
12843335216705846126
1682692516156909696
16733405176195045732
570275675392078508
2804578118555336986
18105853946332827420
11444576169427052165
5511269538150904327
6665263661402689669
8872308438533970361
5494304472256329401
5260777597240341458
17048363385688465216
11601203342555724204
13927871433293278342
13168989862813642697
13332527631701716084
1288265801825883165
8980511589347843149
1639193574298669424
14012553476551396225
7818048564976445173
11012385938523194722
1594098091654903511
5035242355473277827
11507220397369885600
4097669440061230013
4158775797243890311
8008476757622511610
18212599999684195413
3892070972454396029
15739033291548026583
5240984520368774617
15428220128146522508
6764778500174078837
17250425930626079997
15862445320841941901
9055707723866709616
407278260229756649
6679883267401891436
13585010976506536654
9580697194899010248
7802093638911637786
535562807229422763
16772549087470588412
2069348082463192648
18080878539236249869
12688200000096479737
8989665349769173357
13575112928849473200
10859033464356012248
9748216112997718693
8405158063935141693
15279502632583570477
16055899490125284200
9066388900883848980
17884680971936629565
16395391805201036549
2550532686790805254
8052938288948613298
6344035301348514175
2193824757648316037
10113332896580941759
14001553499759966766
597702890888347204
1874324574384293454
10826913572691111562
12821185545071087721
14606566723149387105
15679487422249894303
16146086267469614290
11169330698794304272
17590151747242102595
18278229723818623796
15994633360516603469
11881756471423721131
11153906733009525059
16836145075420168747
8614597919830747987
1459907787369619658
16682004712721580156
15261848763679157527
2717413695111288049
14889665525641206303
12338480473037317818
2557597240994564872
12402353581130313583
15355546302939095474
17651033590338072704
11616809212196625943
6561978461173088746
5962436378610109024
1168012300494473422
5175053317267933097
4740525681678845797
1614376253554691208
1358027693590031708
1856992378370522222
2410813678132517023
11582456654366157909
5754940895753314317
17548218371729667895
17945642044770404276
3721164045489467070
13394551493150992827
12475264300415171883
10462606688633056562
13251365510693735175
3876338822302790600
13771801863059799470
13815564444636394855
16495110748802246170
2156091871580385249
12069080176326280986
489805578737239572
5271183164515543116
11286401144444756863
6746000579485080744
5186625150343537151
13119883039086991857
16025170396082521338
2259331576759215945
16362343102415556603
10982898132796723193
14666888772828547003
10462483830193419334
18236154274104239589
17759599582309981676
9339512652453242670
14635458573977612405
13273192362623128494
7419053614262815071
2139880725825605974
15336265650071823816
6291952205449675957
14977329074317573394
4364768269648744391
17232241565077788317
8450549923677533764
15732483035355013039
13831185231495622915
6819123640184841760
11886944798543888851
10879889186777890996
15555433551230813341
105259452319848079
3441909642659419332
5480947869602487239
6247709904124292706
13391610271247915041
18346462037123761313
16636317150577797347
14149179703416851896
2376171948756359367
5152472389910152792
2368047066677070121
16396163399604156946
14864288050288048653
7393398358587456124
9728143941576351989
5481913815176021747
16927964714362701213
14993236783745363262
9552302871570670457
11071069341174528295
15381321939083200837
8816171210895558106
6071991122052964372
10925078611503375837
15239629154712277871
8615167154188153180
4917230293625512515
14895742215835130464
2359753755290725009
6783321469015983851
360705462143558065
2287732638733919300
2984153050512747353
8021412450653308816
12759258587083258672
1585563973173997547
18209504305389149669
11416757620121532143
6846989578536141166
4365862612957164362
2931876801952518067
680191398818283694
1834352496547951770
12616538556720116808
17563613795929063197
14519515363534791688
4349527158980778739
6714794984698083967
6696141578113299617
17231874453010340947
18425812703539835928
3707544366662920973
10197276740411893574
12864434420502416888
12767250491273234520
1588549204908870909
6610295429674120152
5281895767268096036
1739897672032589486
17406469206626426854
8710378533013875691
9587926405039941516
2805299725371867574
7146901261023555807
1825062423171923931
3049052876249887095
10771741767689142181
8733642741329011601
11979515434717210935
10043245691272652957
5830279975302858953
17190113074333440499
18260575806620923460
14335648769917655401
4153816861017702156
14590500750979768984
810991542442466488
7089785717813579612
12357837562747114001
5554121432788679660
5931025703748246718
2097835176693352889
12745618408404359587
6090924568528767236
14734637834598564704
14439652293742648615
132405348116615733
13869945305505934743
7372953811704808036
7756437368369298361
3794582695199039623
12917619229835701974
14320084076906478671
2606626751703588462
3137561743724131360
13808802441028589896
14231944027275971054
16852581317945783254
10323673491841952054
2313335010769237820
13955532667350441768
5747153089934705338
13377135145695875091
6830230899286657495
81856298782858401
1754724887913860152
13750479713795882912
11120120136303124367
15046307382468953177
3696979254055818020
15352898388246644384
1024778962410818770
2388728043318081123
6871857727931721608
17721619206096294273
10585202864517959301
10898249199547365704
9663430180652362739
1737102419936989910
5117227310201589790
16884367896390523102
10498150099412419335
1921007855220546564
7643484074408755248
11318429053286342939
1370093900783164344
6776537281339823025
3450492372588984223
9401014545757436331
7896519943553875907
14303443932332314010
281238069833157985
9628364435514671685
1035647896705322917
940113500519447970
12858978713386075837
2103046007104782505
1170332608028903179
6569179731999105361
9795365446060253382
3663276878692063340
11746321300354091749
5408361990473950532
9735653452670998906
4324195634733601175
9037136744494003310
10715330324656609711
3474343689175121886
5794004792094061662
13295581273946061060
7292949743142825837
10886028626057941279
10688849249577735178
17297010345160851373
13658139148821214513
4468290234101910565
9583516840381960864
2100818272677130469
3835407486618772476
11687972045781987867
2584265809482868424
2184370854727222683
17762352308671769689
10901114407297935135
17932666452350314317
14800534017102555607
16233839909626358812
1704089397092793640
2891239861334407450
18077585692287687954
2363047449739120434
5904357530901606076
16765772907460692007
8757786729323486734
3706883612695347371
14958907430930711064
9624134580897548276
10298009507777483067
5667412839234900228
6828701555684071915
10482797977665945217
13440894740881464138
12078258924098889769
5740761565098658841
13914375003115830180
16808960379045776034
18421450170384511575
16478974619417516521
14381565232287562804
12792472782420522791
6620422687983566193
12025299949416885293
6046334025019123
16769051888439418536
10312203372653850423
720028297035890629
6441255456466558203
9874005816230679263
15903170012916142038
7557768652767625223
17626605079857371651
9092603716684679963
15518831173015579794
300798272301981904
13762040857722893585
3117104080838901168
4702649037537941245
14408238429167682374
17923200330177894118
7470538549881440849
3664543122474851710
17626200978883719521
15355649603762884691
4749231114166154448
11220859020615935192
4740127963151294603
16616708905207951068
9828299274924872726
8985762004928355786
14578866413196595465
11009044264074492189
16196760954725621137
10725252972011913420
4601011175737567235
1441938685024169613
1896485105672535586
6635496128279078494
7401072902622950072
16075245295895555285
11009539992705810569
13666961049432909413
930044899627839572
7899294831116079515
7830402010660588539
5485720725031791061
17051528642209786987
7280223907880312904
10641556535303807158
12639056541805784436
12321318600465693220
10108223508416203621
16243972184205577210
8544062083712081766
11274622334580836223
10844017387984539333
14774228730866078526
560237794062265107
5844494700804214355
12270220729021534083
8560016492134621125
12198417933760222474
10133839346494565561
9295901871619786454
10849442312533122519
18021432643418872607
10155396024449547909
10524212640889309144
16662796689072019468
965963318619140447
8887484786999567242
15714444653107301219
1678356452623540647
11052117692502964420
14549914962216724919
2062106447906584711
9160372737526136799
408961132483689555
16057982805180036489
3569128826873655261
9330490631980133992
1176328083272936519
11222898184704497134
9302091588024171405
10671057562378043302
4098229850247478874
8603114141751656125
5095034292565071557
17972196540767155575
17052421619317624598
1582078615100434096
12012345949788712038
16161371278263065802
2541771182459136706
4555228648728151989
8434259952664443907
11417314755930316675
4859944209493970278
3960064386733120970
831798891742765072
15333350611999607709
16195235791627584805
11597945977924582290
5623573319924035254
11517834322140013944
4133597640080778846
5871425684860123605
1689282515842046354
12636468992840026995
14838814546330146559
521771145052581487
2880434048302248640
8371131723257691693
14881811984607317690
1324986559026356337
15096177686518116013
4421234407032663127
14405416956529710514
3720189381923668652
409223713688462738
9606291214917499037
9223836018030016969
190459553092726002
12216883190512504355
2445407445757699168
4632853494959579227
13184809158706083946
5787237245171889527
10294885203231741175
4191072920233802133
4291939441266046279
16375865614446560083
8623994097296487259
15309273767847758202
9397335507036899909
6747046333776906674
13832845734789247298
7019441607318179720
10005910351872177492
4145022192145704170
4353043221960833896
8973895156742077167
438950987149754489
2185272607213603213
8466605802960622962
12110999198806592422
11821045514824268224
10878266882585355136
11760743717116988087
4184976790109698342
18330309416210613006
1107206443001387417
79384941109554222
9163366224008952362
3321824684344751056
3693723307432954164
6079394558849393056
11401125038466760935
3656219353656357222
1735342045865967049
4042759343240967690
12711975181279962687
9500297538285176400
15298274009373410204
9806309365986113958
10640867530898511005
17462737140104853956
4414872795937286161
14852747253248972903
15278706409822090441
6433625831299907179
3321907667985685429
11390693584827212740
11529629266037992234
10328859824139248147
16428469301035734767
17926643922068445985
705326063324784242
8105287564212541268
15433828269766668455
3714790519415313767
5417718938962187987
7847045502609209896
8025090526912661197
2234136672994823541
16041001438425499955
10050820915370092068
14731208739754682952
9320476318639351023
14993011533295358880
4179632880986595543
8947621078428360390
14715184767037401701
2617407252848328649
4818108510694228841
3602814087839803186
14679368779377024657
7354547195052671772
453184876960970470
15781004944602184656
12000277437894508493
14990587330205222466
13913588124149397652
14252160166631667289
1532590395334038243
10283229111568663870
17325140074534683390
15829693190940193580
7621681592523599724
10682206684717316020
1847393779801417006
3066262069769536156
14633662576956154615
15324290530255177253
14627271171597064522
14334883061544405592
12329324284039697670
14425669906700626239
4967072546582904838
11336784484312139551
9293117687355182150
18198595579111618687
3236555730692485133
3659681352365625914
5185822088933195476
1820961806679957133
5103404090674191862
16176358349875499548
15699479324816269479
6929077312607579230
7724671543660786314
15226863704421704735
10411799650043017788
2743533500235068318
7917895244279791454
9194839772540541837
8170679394364395846
2830213237197365734
7353896603754987224
17634372441601249827
8515117661105161813
5818937363197514778
8536843065945835629
2920190566549352463
4206179361653770600
15470355568872211976
8427825008315838911
5786540713287383830
15547153445796060183
12329720415526259303
5557519966701086911
17778904544770937806
17514165232876376499
17788126989478779154
17150186057659184837
96482940290395907
5391763100021787727
13311921842198397018
212666859219880844
17021563369181645958
11336487866339302675
9141466969851850320
15662548514627491449
7860565965198889264
13899151565605256321
13381351357933618242
14888589325358078776
8892463471491396086
15103645417329254911
5461076326426815327
1842242118931503497
4404875173572687401
13971514988681285540
17325818256926300242
15093194250549176553
2037055123708268678
16257942776085749532
10590700494563920368
9510359897405254265
14355127120473277462
17727696335014918206
5852409884542362577
15296449745630772621
15183080793648581194
16672300287494724460
13969062191570534211
9287911224447475220
8201339388669403090
6896471492123786378
17836899414146968932
18212192901661339968
13589433629948059304
11028761701391980161
6774257768766057466
12173254712476586450
12848080044100037611
8528727180962924144
1419515180397454273
14756964613420120449
5897971337265509756
7895151636400005603
12470640271491881548
1601970429693801261
15095880759160767112
9199134360165595311
3011979166743445660
12194258846860258337
3655956427657893470
2336006494839215747
14852738832219225696
980198724853947166
15813714724821744703
791599627749143069
7348649629500435093
15262170387612229708
15303522042429377318
8425613881574971669
15801520478161584059
14074339996639769183
11257371430211006951
13402846107666422911
6626174270103647993
14681865631183261473
4451829808427344249
5724496674828323027
14972202730373011904
11481387700399791014
17251674197980054589
1838448127446963389
1207376433173020767
9073502573042965711
13838468943242852421
5020402172333584866
1289816897702617855
16074253538753775279
2848619861528754568
5973640488400207347
3071333206607986706
12888295794552218363
5137015169022219459
6855845130657996130
13509486497434551605
3108141178579225625
11547672040624451730
8228290404814299648
556050802577131935
1291564719606180243
12244181387410231701
278862824664555643
15819233907350967248
17068340672410761541
18086332283553587440
315661412098236862
2955724640055190386
13784171517969596718
1290092202280378555
16592960356544350813
16858716830044052167
897800245874941430
13540719245109081222
1083645675370617492
1386604666325681943
15322508077521817796
17200996622826525908
377359248448239623
903752203431456047
5917034777147383262
14427307358937396394
7312697203701764121
16205567221211754073
2397860267640591749
7771620645425797965
4628927853429026927
10814117705525372791
1781328114115837238
8047892713447387890
14325316982420673798
307254776259779147
18088484138876255865
6235903010317883578
4576014393928771646
11902339501721522128
11466077100832512450
1320279640819393445
7149459462530810516
17183597293436304345
10494281344202625434
15351591175592386700
6787100053213878886
4662750932232247137
9155970812684385713
16135661826301908461
18304055221177982100
9416630457538799891
14565714036259547408
1567015689328697302
6354592639376292074
17850376331797597416
10659961423006612289
17519724454480552469
11678126474628634190
1758403873368227086
15990654484983665543
11214965843994241271
12011525616758716968
10447121228281024024
2305551614414338365
16044382098030270132
12224093843246544395
16482020615341119088
10963267852467973529
17349096433594909876
12720620716465149679
16276416704186986927
9749492746774307320
4878537625661881849
3596658220251367324
1250366616134450842
6810591609326569041
3598393359978582179
12253949833836762468
12506534045411421786
5579778259811453914
9776215669441974360
2458400878391347086
8348402873370648617
7121289029007601878
12229263687747326448
17037102369907624029
4480768498551219639
2055333633189980498
1996380200405366126
16269828220783280610
2087527536209518012
15824764389964056849
2567742633386698867
712225451323391987
8933753793270353555
13585078573555411625
867327728114824049
7583624842930804212
3377553416701167536
16921474325853581610
16140895111948716532
12207578918983470422
1646174217514160398
1607026980068118758
13303437415396801338
12587920481280066999
13987107713225334715
4992520640352863728
7263447506959407124
5199858030989230147
9061431503722510949
14400252600937389012
5744796948459454394
10292591259771880588
1721312458226718226
16635218433302059851
11656534395951367480
3706250251522790279
13109149372599278855
15782623443980200467
16550074045325605656
8552238076040605299
9482885590978036086
9671478455262059566
10893144584594332227
16019322840413540987
8296393284743045220
17938815114635715205
6264829385778688153
1851240405679727308
8252127944258078957
278628055251899660
17284352895107447551
1917595448595108230
4194184253204412852
6053135762636289112
17829479236593827180
17138125122391290546
12701771613115087757
15851635548108017237
15429185374696762248
1092543755026054444
11339471547318422768
5928009338273096310
15799438807585898358
7759398761882215565
6631869218547533701
1467136438670102142
8634286993913126889
1625376813926906406
11217810185908857400
8625591546392093923
17296397694263603933
15605747394391364522
1662045846911902792
17127000247114321803
8356660387712428204
1918485604873496907
2370571666901420648
15787385066387380099
5464477678597110906
11425249858769946518
6591019215869863149
9479744778601152624
15172779966452753614
7752719149069356364
18415611086810130089
17283471393219112121
12355267205606811577
635145025396992592
5396237116775390812
3552831403988064335
14168163303014268947
12627213986475551446
15759311136550812405
1626935584364203400
9310496835576179512
6245520276975783671
7024663181048246622
3427477009023336836
2933969795091320036
2151226409008220811
11539738627618492576
13725329897058492021
7498965915916310645
10290852052645224423
6604848973131369881
15811231974215060058
2271887981598533043
3594314518191525754
17149519013436525742
8679304823079730570
13578822930296496311
7091768012700047649
3785057672906901675
4236181286844492290
8508302517230928544
7300358184937218339
12384908352232692669
12492744495972933877
7314891822313963191
8324938997494297354
5209197900603935779
2658432712832078185
5318876851637134397
16575705827128833203
10064850062465251207
4212292470574654048
14980416404180533629
16757608328210085737
2318174214965864870
11090483489978208173
4454423999516879015
16112997200825396525
6280448590284782941
9633346215123474089
4043276543108671776
5617487009102249240
5876783769254797390
12282204452000419979
11539547785106538148
7026195643862072596
3299214246762090106
12374300965992954143
6758847474999357295
15792537753857445948
17507047352822497538
12191874001355785115
13766936657810901564
6187579338224863221
575235837446271943
3941374392937187760
12518650711486048524
4818749123633553555
2958342177660858065
3745796037585186959
9797933292464336113
15543349084849553232
486551758244958240
10593020500469347495
6369600516659338451
9007750655643717510
17785627354791621201
14764033308265707661
18034000857235843178
16557096199299614580
2437200641143386748
10182421626449994068
75625115684404924
6127271793307871498
11214820889151820355
12416802602799347959
1548125927064443941
10690183998159090903
10911454061780779591
17091566498439379262
13151991451832194121
11968421298731076421
7281465657596491640
16882855184145485567
16502249339396824566
3454458562438881671
5912850829099334963
5330146666763391722
8451916490946969729
6215268879167456629
9983414677725534452
1533824374095340090
11273301590638124495
888171466822353933
12600073355339343855
10435556484299784260
4932808928766631330
15166592873301253506
6396823673282492139
14209064470829046875
6577114328647476307
1197590027279852334
17587678522946712038
15126029715399578860
57675930565383847
10193180073869439881
